26.69
26.52 
26.34 
26.34 
25.84 
24.8 
24.35 
24.51 
24.86 
25.53 26.5 26.14 26.46 26.85 26.73 26.96 26.44 25.67 25.18 25.3 25.07 25.29 26.55 27.18 27.4 27.31 27.65 26.84 26.06 25.35 24.48 24.1 24.93 26.46 26.63 26.48 26.41 26.68 26.91 26.34 26.03 25.15 24.26 24.63 25.23 25.8 26.33 27.01 26.35 26.44 27.05 26.65 25.55 25.02 24.69 24.39 24.94 25.86 26.61 25.65 27.18 27.38 27 26.41 26.09 25.39 24.4 24.08 24.64 24.92 25.44 26.13 26.8 26.78 26.6 26.84 25.83 24.91 24.34 24.36 24.97 25.44 25.67 26.39 26.63 26.82 26.63 26.56 25.87 24.94 24.19 24.43 25.38 26.54 27.25 27.28 26.79 27.29 27.48 26.51 25.83 25.48 24.76 24.53 24.93 25.97 26.22 27.04 26.62 26.8 27.09 26.51 25.97 24.53 24.64 24.08 25.19 26.35 26.45 26.82
